0 0
0.125 1.1864e-05
0.25 2.06508e-05
0.375 2.41236e-05
0.5 2.14341e-05
0.625 1.32034e-05
0.75 1.14938e-06
0.875 -1.25587e-05
1 -2.59498e-05
1.125 -3.7677e-05
1.25 -4.71254e-05
1.375 -5.42567e-05
1.5 -5.93385e-05
1.625 -6.27057e-05
1.75 -6.46295e-05
1.875 -6.52872e-05
2 -6.47867e-05
2.125 -6.32001e-05
2.25 -6.05866e-05
2.375 -5.70042e-05
2.5 -5.25144e-05
2.625 -4.71835e-05
2.75 -4.10794e-05
2.875 -3.42634e-05
3 -2.6775e-05
3.125 -1.86066e-05
3.25 -9.65744e-06
3.375 3.50103e-07
3.5 1.19911e-05
3.625 2.62248e-05
3.75 4.42897e-05
3.875 6.72399e-05
4 9.51013e-05
4.125 0.000125917
4.25 0.000155194
4.375 0.000176282
4.5 0.000181867
4.625 0.000166259
4.75 0.000127658
4.875 6.94689e-05
5 0
