0 0
0.125 20.068
0.25 37.5669
0.375 52.7371
0.5 65.7847
0.625 76.8891
0.75 86.2146
0.875 93.9167
1 100.139
1.125 105.006
1.25 108.63
1.375 111.113
1.5 112.555
1.625 113.049
1.75 112.677
1.875 111.519
2 109.655
2.125 107.157
2.25 104.092
2.375 100.53
2.5 96.5339
2.625 92.1645
2.75 87.4816
2.875 82.5411
3 77.3963
3.125 72.0986
3.25 66.6959
3.375 61.2337
3.5 55.7545
3.625 50.2978
3.75 44.9002
3.875 39.5951
4 34.4128
4.125 29.3806
4.25 24.5225
4.375 19.8597
4.5 15.4099
4.625 11.1883
4.75 7.20699
4.875 3.47536
5 0
